10
100
1
20
0.500000
841
1 1  2240
1 2    20
1 3   324
1 4    14
1 5   772
1 6     6
1 7    37
1 9   101
1 10     2
1 11   158
1 12    25
1 16     7
1 17   351
1 18  2250
1 19     3
1 20    65
1 22    17
1 23    34
1 24     2
1 25   146
1 26     2
1 27   360
1 28  1551
1 30   132
1 31   224
1 33   637
1 34    11
1 35    91
1 36     1
1 37  4333
1 38    43
1 39   246
1 41   206
1 42    25
1 43    54
1 45  1783
1 46   209
1 47    31
1 48   198
1 49    78
1 50   106
1 51    54
1 52   332
1 53     3
1 54     2
1 55   124
1 56    35
1 57   836
1 58     2
1 59    23
1 60   586
1 61     3
1 63     1
1 64   595
1 65    20
1 67     4
1 68   119
1 69    24
1 70   344
1 71    50
1 72    18
1 73     3
1 74   216
1 75    25
1 76  3140
1 77     1
1 78     3
1 79    44
1 80   153
1 81    15
1 82     2
1 83     9
1 84   137
1 85   254
1 86   187
1 87   340
1 88     2
1 89   195
1 90    26
1 91   493
1 92   341
1 94    31
1 95     3
1 96    36
1 97   756
1 98     3
1 99     1
1 100    58
2 1  1323
2 2    48
2 3    19
2 4    61
2 5   511
2 6   199
2 7    19
2 8    25
2 9     4
2 10    26
2 12  7815
2 13     4
2 14  1348
2 15     1
2 17     2
2 18    39
2 19    10
2 20   175
2 21    53
2 22    10
2 23    13
2 24   429
2 25     1
2 26     8
2 27    15
2 28    65
2 29    85
2 31  1018
2 32     4
2 34     4
2 35   167
2 36   524
2 37    36
2 38    12
2 39   133
2 40    26
2 41    55
2 42   119
2 43    52
2 44    32
2 45  1334
2 46   311
2 47    26
2 48    85
2 49     1
2 50   249
2 51   296
2 52     1
2 53    40
2 54    14
2 55     7
2 56     5
2 57     2
2 58     8
2 59     1
2 60    10
2 61    24
2 62    91
2 63   111
2 64    12
2 65     5
2 66     1
2 67   351
2 68    15
2 69   108
2 70    51
2 72   103
2 73   343
2 74     1
2 75    50
2 76  1015
2 77    28
2 78     3
2 79    34
2 80   312
2 81     2
2 83    14
2 84    12
2 85    26
2 86   228
2 87    23
2 88  1301
2 89    19
2 90    32
2 91     6
2 92     6
2 93     5
2 94   367
2 95    61
2 96    19
2 97  1130
2 98    14
2 100   507
3 1     3
3 2    18
3 3   289
3 4     2
3 5     4
3 6     7
3 8     3
3 9   164
3 10    22
3 11   360
3 13   346
3 14  4892
3 15    15
3 16    52
3 17     8
3 18    12
3 19   239
3 20    10
3 21    15
3 22    17
3 23     4
3 24    44
3 27     2
3 28   171
3 29     1
3 30     7
3 31     1
3 32  3983
3 33    15
3 35     8
3 36     5
3 38    26
3 39   237
3 43   114
3 45     2
3 46   419
3 48    20
3 49     1
3 50  2291
3 51  1949
3 52   780
3 53     1
3 54   202
3 55   136
3 56     7
3 57    13
3 61    32
3 62   145
3 65     9
3 66   575
3 68     4
3 69     5
3 70   203
3 71  1730
3 72   375
3 73  1407
3 74    64
3 75   165
3 76    52
3 77    11
3 78     8
3 79     1
3 80  3674
3 81   193
3 82    94
3 83  2894
3 84     1
3 86     2
3 90   742
3 92     3
3 93     1
3 94  1466
3 95    12
3 96    24
3 98     5
3 100   413
4 1     1
4 2   106
4 3     2
4 4    29
4 5    21
4 6     1
4 8  8092
4 9   465
4 11    19
4 14    22
4 15   232
4 17   158
4 18     9
4 19     2
4 20    39
4 21  2482
4 22  1949
4 25   173
4 26   265
4 27     2
4 28    22
4 29    39
4 30  1459
4 31    16
4 32   138
4 33   241
4 34  2440
4 35   122
4 36     2
4 37    82
4 38     1
4 39  2082
4 40     1
4 41     3
4 42    12
4 43   395
4 44   136
4 46    33
4 47     1
4 48  1993
4 49    24
4 50     8
4 51     6
4 52    53
4 54    80
4 55   176
4 56     6
4 57    36
4 59     5
4 60   190
4 61     2
4 62     8
4 64     3
4 65   330
4 66     1
4 68    27
4 69   220
4 70   155
4 71     1
4 73    10
4 74    11
4 75     3
4 76   163
4 77     1
4 80     1
4 81   264
4 82     2
4 83    78
4 85  1085
4 86    44
4 88    35
4 89   166
4 90     5
4 91     8
4 92    13
4 93    52
4 94   200
4 95   243
4 97    36
4 99    73
5 1   734
5 2    27
5 3    12
5 4   316
5 5    71
5 6     1
5 7    88
5 8     6
5 9   780
5 10    90
5 11     6
5 12     9
5 13     4
5 15  2223
5 16    67
5 17  2802
5 18     9
5 19    18
5 20   219
5 21   282
5 22     1
5 23     8
5 24     1
5 26     4
5 27    13
5 28    92
5 29     3
5 30   937
5 31    15
5 33   712
5 35    14
5 36     1
5 37    16
5 38     2
5 39   107
5 40   171
5 41    17
5 42    45
5 43   731
5 44  4908
5 46    51
5 47   196
5 48   429
5 49    19
5 50   290
5 51   121
5 52  1470
5 53     3
5 54  2719
5 55    40
5 56   173
5 57   307
5 58    33
5 59   337
5 60    62
5 61    55
5 62  1029
5 63     6
5 64    75
5 65    53
5 66     7
5 67     8
5 68    45
5 69     1
5 70   137
5 71     6
5 72   116
5 73    14
5 74     4
5 75    16
5 76   348
5 77   124
5 78     1
5 79     2
5 80    10
5 81   196
5 82     2
5 83    19
5 85    24
5 86   565
5 88     1
5 89   785
5 90    88
5 91   472
5 93     1
5 94     2
5 95   836
5 96     2
5 97   739
5 98    15
5 99  1563
5 100    95
6 1     2
6 2     2
6 3     1
6 5  1764
6 9     8
6 10   120
6 11    12
6 12    15
6 13     1
6 15    82
6 16     8
6 17     4
6 18     3
6 20   372
6 21     1
6 22     3
6 23    42
6 25    38
6 27  1528
6 28     1
6 29     5
6 30   638
6 32    90
6 34  4817
6 35    18
6 37    10
6 38  8760
6 39     2
6 40   120
6 41    14
6 42    31
6 43  1707
6 46   193
6 48     2
6 50    82
6 52    19
6 53     1
6 55   332
6 56    14
6 57    18
6 58     4
6 59    83
6 60   319
6 61     3
6 62    30
6 64    86
6 65     2
6 66    18
6 67    14
6 69    15
6 70     9
6 71     3
6 72     6
6 73   202
6 74    25
6 75    25
6 76   236
6 78    58
6 79     2
6 80     5
6 81  2439
6 83    93
6 84    11
6 85   591
6 86    89
6 87     4
6 90    19
6 91    14
6 92     1
6 93    33
6 94     5
6 95     7
6 96    47
6 97   120
6 98    76
6 100   571
7 1  1444
7 2   593
7 3     4
7 4    32
7 5   815
7 7     4
7 8    17
7 9     3
7 10    10
7 13     1
7 17   141
7 18   171
7 19   904
7 20   326
7 21   193
7 22    10
7 23     2
7 24     2
7 25    95
7 26   504
7 27     4
7 28    72
7 29    65
7 30   953
7 31    13
7 32     3
7 33    88
7 35  1761
7 36     1
7 38     2
7 39     2
7 41   689
7 42   975
7 43  1290
7 45  6732
7 46     6
7 47    27
7 48   138
7 50    29
7 51    82
7 52     1
7 54     8
7 55    20
7 56     5
7 57   318
7 58    19
7 59   281
7 60   153
7 62   136
7 63     3
7 64  1998
7 67     3
7 68    84
7 69     2
7 70    93
7 71    21
7 72   175
7 73    18
7 74   179
7 75     1
7 76  1851
7 78    25
7 80    25
7 81     1
7 82     9
7 83     7
7 84    10
7 85     1
7 86   617
7 88     1
7 89     2
7 90     3
7 91   309
7 92     3
7 94    13
7 95   199
7 96   443
7 97   950
7 99    65
7 100    37
8 1   200
8 2   684
8 3   219
8 4   305
8 5    29
8 6     4
8 7   173
8 10     1
8 11    75
8 12     9
8 13   448
8 14   738
8 16    19
8 17   132
8 18    12
8 20     7
8 21    28
8 22     9
8 23     6
8 25    86
8 26    11
8 27    67
8 28   282
8 29     4
8 30   132
8 31  2059
8 32    32
8 33     1
8 34    12
8 35    93
8 36     3
8 37     5
8 38    30
8 39    33
8 40   218
8 41   153
8 42    76
8 43   162
8 45    31
8 46   848
8 47     1
8 48   138
8 49   109
8 50   720
8 51   194
8 52  1222
8 53   246
8 54    25
8 55   503
8 56   651
8 57    54
8 58     6
8 59     6
8 60    67
8 61    10
8 63     6
8 64    11
8 65   188
8 66    23
8 67  2863
8 68   234
8 69    28
8 70   312
8 71   198
8 74   124
8 75   518
8 76  1833
8 77     1
8 79    10
8 81   437
8 82  2825
8 83   495
8 84    49
8 85    72
8 86    48
8 87     5
8 88    33
8 89    17
8 90  2135
8 91   282
8 92    14
8 93   170
8 94   382
8 95   183
8 96    53
8 97   170
8 98     2
8 99     7
9 1    11
9 2    10
9 3    24
9 4    64
9 5    65
9 7     1
9 8    26
9 9    21
9 10     2
9 11     2
9 14    44
9 16   142
9 17     1
9 19     3
9 20    21
9 21   308
9 24    23
9 26   101
9 27   141
9 28    20
9 30   781
9 32    61
9 33   601
9 34   196
9 35   766
9 36     2
9 37   232
9 39     1
9 40   384
9 41     2
9 42     1
9 43   499
9 44     2
9 45     1
9 46    20
9 47     5
9 48   867
9 49   553
9 50    12
9 51     4
9 52     2
9 53    23
9 54     5
9 56   124
9 58     4
9 59   501
9 60   137
9 61    52
9 62    77
9 63    37
9 64  3319
9 65    96
9 67     1
9 68     1
9 69     2
9 70     6
9 71   721
9 72   396
9 73   103
9 74   271
9 75     4
9 76    52
9 77   193
9 78   112
9 79    12
9 80     9
9 82    21
9 83     1
9 84    56
9 85  1493
9 86    49
9 87    13
9 88     5
9 89   100
9 90    44
9 91    32
9 92  1955
9 93   148
9 94     1
9 95     2
9 96     8
9 97     2
9 98     3
9 99    15
9 100  6893
10 1   177
10 2     4
10 3    62
10 4    21
10 5   443
10 8     3
10 9     3
10 10     1
10 11     6
10 13    22
10 15    21
10 16     1
10 17    24
10 19    21
10 20    29
10 21   177
10 22     1
10 24     2
10 25    10
10 26    34
10 27     3
10 28    83
10 30   557
10 31    29
10 32    17
10 33    17
10 34   607
10 35    14
10 37    79
10 38    29
10 40  1353
10 41    34
10 42   397
10 43    45
10 44     6
10 45   115
10 46    49
10 47  1448
10 48   154
10 49   176
10 50    95
10 51    33
10 52   153
10 53   295
10 54     3
10 55    80
10 56  4103
10 57     2
10 59   148
10 60    52
10 61     8
10 63    10
10 64    24
10 65  2583
10 66     3
10 67     1
10 68   170
10 70     4
10 71   749
10 72    13
10 73   202
10 75     7
10 76   416
10 78   175
10 80     2
10 81    96
10 83    13
10 85    73
10 86   840
10 87     1
10 88    13
10 89   454
10 90     1
10 91   149
10 92  8992
10 93    53
10 94    12
10 95   328
10 96     5
10 97   350
10 98    24
10 99     5
10 100    34
